3 46049065 46049065 A/G
3 46042449 46042449 G/T
12 112935758 112935758 A/G
3 101678779 101678779 T/C
3 46017416 46017416 G/A
17 5168839 5168839 C/T
12 112983490 112983490 A/G
3 101609640 101609640 C/T
12 112935172 112935172 G/A
3 101653078 101653078 A/G
9 133261560 133261560 G/T
9 133263373 133263373 T/C
1 60832798 60832798 A/G
3 46017992 46017992 T/C
17 64555324 64555324 T/G
9 133279294 133279294 T/G
12 112931910 112931911 TA/T
3 45696221 45696221 T/C
3 101778725 101778725 C/T
9 133274414 133274414 A/G
10 110649223 110649223 T/C
21 33239266 33239266 C/G
7 76309119 76309119 C/G
3 101608925 101608925 G/A
3 46042969 46042969 A/G
9 133278724 133278724 C/T
17 5052629 5052629 C/T
9 133278431 133278431 T/C
3 46014670 46014670 G/A
3 45903640 45903640 A/C
3 46136372 46136372 T/C
12 112943571 112943571 G/A
7 76310102 76310102 G/A
3 46049130 46049130 A/G
3 45974077 45974077 T/C
9 133269214 133269214 G/A
12 112938178 112938178 T/C
8 91358636 91358636 A/G
12 112921513 112921513 G/A
3 46069721 46069721 T/C
12 112923312 112923312 C/T
7 76308284 76308284 G/A
9 133263862 133263862 A/C
12 112927998 112927998 T/C
3 101582031 101582031 C/T
3 45970883 45970885 CTA/C
3 46030271 46030271 T/C
3 46021837 46021837 T/C
3 101664718 101664718 G/A
3 45952153 45952153 C/T
12 112925603 112925603 A/G
9 133274295 133274295 A/T
9 133266942 133266942 A/G
12 112928886 112928886 G/A
9 133270615 133270615 A/G
3 46070267 46070267 G/A
3 45941984 45941984 T/A
3 101780431 101780431 T/C
12 112924602 112924602 A/G
3 45932600 45932600 G/A
3 45959236 45959236 T/G
12 112926117 112926117 A/C
3 101761312 101761312 C/T
3 45830416 45830416 G/A
12 112927418 112927419 CG/C
3 45959735 45959735 G/A
3 45919208 45919208 C/T
12 112923432 112923432 C/T
12 112941234 112941234 C/T
3 46315848 46315848 C/T
9 133269461 133269461 T/C
12 112926666 112926666 A/G
3 46039814 46039814 T/C
3 101560162 101560162 C/T
21 32288286 32288286 A/G
5 17191700 17191700 G/A
9 133266456 133266456 T/C
3 101790202 101790202 T/C
9 133270797 133270797 T/A
3 45965996 45965996 G/A
12 112938583 112938583 G/A
12 112941318 112941318 T/C
12 112920986 112920986 T/C
3 45890915 45890915 G/A
3 45918928 45918928 G/C
12 112930444 112930444 C/A
17 64544572 64544572 A/G
3 101788961 101788961 A/G
3 46076947 46076947 T/C
3 45887277 45887277 G/A
3 45997568 45997568 G/C
3 46074518 46074518 T/A
12 112934172 112934172 A/G
6 89684132 89684132 A/G
3 45959378 45959378 G/A
3 46035898 46035898 T/C
3 101759687 101759687 T/G
12 112928023 112928023 C/T
3 101680075 101680075 C/G
12 112930225 112930225 G/A
3 101715605 101715605 T/C
14 28265730 28265730 G/C
3 46024271 46024271 G/A
3 45838989 45838989 T/C
3 101705614 101705614 T/C
3 101655382 101655382 T/G
16 78216158 78216158 A/C
3 101803083 101803083 A/G
12 112919637 112919637 G/A
3 46079025 46079025 A/G
3 46136500 46136500 T/C
3 46057034 46057034 C/G
3 46066908 46066908 G/A
12 112968391 112968391 A/G
1 65122817 65122817 C/T
12 112921352 112921352 T/C
3 46075604 46075604 A/G
9 133279427 133279427 T/C
3 46026981 46026981 A/G
3 46097350 46097350 A/T
21 33245738 33245738 A/T
3 46008272 46008272 G/A
12 112944151 112944151 C/T
3 45935170 45935170 C/T
3 45801947 45801947 G/T
1 60832589 60832589 T/C
12 112987349 112987349 C/G
9 133262826 133262826 C/T
3 46180545 46180545 A/G
12 112925304 112925304 T/C
3 45964747 45964747 A/G
12 112947195 112947195 A/T
12 112934734 112934734 A/G
12 112986696 112986696 T/G
12 112933309 112933309 T/C
3 46014224 46014224 G/A
12 112927260 112927260 A/G
3 46044591 46044591 A/G
12 112920301 112920301 A/G
12 112921898 112921898 C/G
3 46081551 46081551 A/G
3 46329313 46329313 G/A
12 112972511 112972511 G/A
12 112935783 112935783 A/G
3 101784921 101784921 G/A
3 45973053 45973053 T/G
3 45969944 45969944 A/G
3 46038379 46038379 A/G
7 76308010 76308010 C/G
3 45801823 45801823 C/T
21 35007078 35007078 C/G
12 112935156 112935156 C/G
3 46087217 46087217 T/C
3 101575728 101575728 C/T
3 101659632 101659632 C/T
12 112927068 112927068 A/G
9 1688081 1688081 G/A
2 7961626 7961626 C/T
3 46029589 46029589 G/A
3 69612258 69612258 C/T
12 112929527 112929527 C/T
12 112954377 112954377 A/G
7 76393767 76393767 C/T
12 112934999 112934999 A/C
2 7961462 7961462 C/T
3 45867367 45867367 G/A
12 112923369 112923369 T/C
3 46027343 46027343 G/T
14 28265870 28265870 C/T
12 112929617 112929617 T/C
12 112938647 112938647 C/T
3 45964849 45964849 C/G
3 101655122 101655122 C/T
3 101678128 101678128 T/C
3 45912847 45912847 C/T
12 112931372 112931372 T/G
12 112927343 112927343 A/G
3 46010282 46010282 G/A
3 45804256 45804256 A/C
1 85072824 85072824 G/A
3 45955771 45955771 T/C
1 65120432 65120432 C/T
3 101617536 101617536 G/A
12 112939108 112939108 T/A
7 50321067 50321067 A/G
12 112933718 112933718 G/C
3 46066006 46066006 A/G
3 45960228 45960228 T/G
3 46024471 46024471 G/A
9 133267960 133267960 T/C
3 45848457 45848457 C/T
9 133273983 133273983 A/G
3 45866624 45866624 A/T
12 112930320 112930320 A/G
12 112930274 112930274 A/G
9 133262948 133262948 A/C
3 45859597 45859597 C/T
12 112927862 112927862 T/C
17 64615178 64615178 A/G
3 46057662 46057662 C/T
3 45957717 45957717 A/G
3 45796394 45796394 G/C
12 112931954 112931954 G/C
3 46043250 46043250 G/A
9 133319548 133319548 A/G
12 112970403 112970403 G/C
3 45834967 45834966 G/GA
12 112930800 112930800 T/C
12 112922932 112922932 G/T
14 28264641 28264641 G/A
12 112923769 112923769 G/T
12 112926828 112926828 G/A
3 46094198 46094198 G/A
3 101571733 101571733 G/A
12 112926570 112926570 A/G
3 46039420 46039420 C/T
3 101770785 101770785 G/A
3 101718589 101718589 A/G
1 65125892 65125892 T/G
3 45868036 45868036 C/T
3 45961471 45961471 G/C
3 46043457 46043457 C/A
3 101680282 101680282 G/A
13 94227738 94227738 G/A
9 133276354 133276354 C/T
12 112969140 112969140 T/A
12 112968655 112968655 G/C
3 45919154 45919154 T/C
3 101735014 101735014 C/T
12 112925887 112925887 G/C
3 101716381 101716381 C/T
12 112926699 112926699 A/G
3 45889304 45889305 TA/T
1 65132021 65132021 A/G
3 101682144 101682144 G/A
3 101605219 101605219 G/A
12 112958205 112958205 T/C
3 46043829 46043829 A/G
3 45966331 45966331 G/T
3 45981341 45981341 G/A
1 65120471 65120471 C/A
3 46237659 46237659 C/T
3 101575986 101575986 C/A
3 46047849 46047849 G/C
3 45793925 45793925 G/A
14 52437496 52437496 G/A
3 46041865 46041865 G/C
3 101588155 101588155 C/T
3 45868152 45868152 C/A
3 45968515 45968515 T/C
1 65125079 65125079 A/G
9 133370796 133370796 C/A
3 45954256 45954256 T/C
12 112930250 112930250 G/A
3 101744469 101744469 G/T
3 46023126 46023126 G/C
12 112927356 112927356 A/G
3 45876723 45876723 G/A
9 133269015 133269015 C/T
9 133271597 133271597 C/T
9 133263362 133263374 GCGCCCACCACTA/G
1 65117001 65117001 T/C
3 46042142 46042142 G/A
1 65122737 65122737 A/G
3 45875294 45875294 G/A
3 46031212 46031212 G/A
3 46062188 46062188 G/T
9 133352207 133352207 T/A
2 168114629 168114629 G/A
7 3717443 3717443 C/G
3 46033598 46033598 A/C
21 32250012 32250012 A/G
1 65116650 65116650 G/A
12 112924616 112924616 G/A
12 112923353 112923353 C/T
3 101781904 101781904 C/G
1 65119820 65119820 C/T
1 65119665 65119665 C/T
3 101755855 101755855 G/A
9 133257521 133257520 T/TC
3 45983037 45983037 T/A
3 45807268 45807268 G/C
3 46319876 46319876 T/G
3 45921111 45921111 A/G
3 46031347 46031347 C/T
3 101716075 101716075 C/T
3 46032431 46032431 A/G
3 46014681 46014681 C/T
9 133273813 133273813 C/T
3 46031138 46031138 C/T
3 45859142 45859142 G/C
19 4719431 4719431 G/A
15 100233816 100233816 G/A
3 46069589 46069589 A/G
12 112922220 112922220 A/G
12 112927396 112927396 G/T
3 101586326 101586326 T/G
3 46008273 46008273 T/C
3 45821460 45821460 T/C
3 46004967 46004967 G/A
3 101754244 101754244 G/A
12 112926976 112926976 G/A
3 101655860 101655860 C/T
1 65122646 65122646 C/T
3 101714596 101714596 C/T
3 46081563 46081563 C/T
3 46058646 46058646 C/G
3 45970899 45970899 A/G
3 46030376 46030376 A/G
12 112929538 112929538 A/G
3 46006166 46006166 G/C
3 45928899 45928899 G/A
3 46048985 46048985 G/A
12 112942724 112942724 T/A
3 101744547 101744547 C/T
9 133261737 133261737 G/A
3 46076468 46076468 A/G
3 45948429 45948429 G/T
3 46012664 46012664 G/T
3 46046500 46046500 G/A
3 101715604 101715604 T/G
5 162007936 162007936 G/A
12 112912991 112912991 G/T
12 112922663 112922663 C/T
1 65122890 65122890 G/A
4 68749381 68749381 T/G
9 133263894 133263894 C/T
12 112929504 112929504 C/T
3 101813604 101813604 C/T
3 45939679 45939679 C/T
3 101722846 101722846 G/A
3 46322695 46322695 C/T
21 35004324 35004324 A/G
12 112923638 112923638 G/A
3 45897524 45897524 G/A
12 112934168 112934168 A/G
1 65125121 65125121 G/A
3 45595617 45595617 T/C
3 45959875 45959875 C/A
3 46010210 46010210 G/A
12 112940276 112940276 T/A
3 101600059 101600059 G/A
3 46020505 46020505 T/C
1 65124828 65124828 A/G
1 65116711 65116711 G/A
12 112928244 112928244 G/T
3 101595096 101595096 A/G
1 65120857 65120857 C/T
12 112929520 112929520 C/T
3 46086065 46086065 G/A
12 112919404 112919404 G/A
9 133264351 133264351 T/C
3 101599474 101599474 G/T
3 45933951 45933951 C/T
3 101737122 101737122 T/C
12 112925479 112925479 A/G
3 45948381 45948381 C/T
3 46016375 46016375 A/G
3 101706859 101706859 A/G
1 65124150 65124150 C/T
2 7961868 7961868 C/T
3 101705956 101705956 G/A
3 45805749 45805749 A/G
12 112937231 112937231 A/C
12 112949145 112949145 T/C
3 45773677 45773677 T/C
3 46060681 46060681 G/C
3 45796521 45796521 G/T
3 45825948 45825948 A/G
3 101756089 101756089 A/G
3 45943855 45943855 C/G
3 45873093 45873095 CTT/C
21 33240996 33240996 A/G
3 46040989 46040989 G/A
3 46052571 46052571 A/G
3 46046790 46046790 T/C
12 112943944 112943944 T/C
10 58774228 58774228 G/A
3 101674739 101674739 C/A
12 112965094 112965094 C/A
3 101790527 101790527 T/A
3 101786663 101786663 T/C
3 46041709 46041709 T/G
3 45809291 45809291 T/A
1 65123295 65123295 G/A
3 46038684 46038684 T/A
3 46012089 46012089 A/T
5 116814508 116814508 T/A
12 112933841 112933841 A/C
3 45805277 45805277 A/G
3 45878806 45878806 T/C
3 46046844 46046844 G/T
3 45898310 45898310 G/A
12 112926577 112926577 T/A
9 133260743 133260743 G/A
3 46008335 46008335 G/T
3 101680416 101680416 T/C
12 112922758 112922758 T/C
12 112927648 112927648 A/T
5 13939721 13939721 A/C
2 227805415 227805415 A/G
3 45861003 45861003 T/C
3 46055306 46055306 T/C
18 3372823 3372823 G/A
12 112971608 112971608 C/T
12 112927882 112927882 G/T
12 112981045 112981045 G/C
3 101791104 101791104 C/T
3 45966333 45966333 T/C
12 112925373 112925373 G/A
3 101710055 101710055 T/G
12 112927776 112927776 C/T
16 55980736 55980736 C/T
9 133402020 133402020 C/T
3 46087050 46087050 G/A
3 46023134 46023134 C/G
3 46100352 46100352 G/A
3 19864513 19864513 C/G
3 46031822 46031822 T/C
3 46028861 46028861 A/C
3 101771434 101771434 A/G
12 112926527 112926527 A/G
3 46089733 46089733 C/G
3 101674450 101674450 C/A
12 112940017 112940017 G/A
3 45974441 45974441 T/C
12 112943412 112943412 A/T
12 112943890 112943890 A/C
3 45797684 45797684 A/T
3 46010771 46010771 G/C
2 168124033 168124033 C/T
5 13964479 13964479 G/A
2 168122712 168122712 C/A
12 112926975 112926975 T/C
3 45820440 45820440 G/A
7 89044298 89044298 C/A
2 214266819 214266819 A/C
1 33942596 33942596 T/C
3 46000345 46000345 C/T
16 56054302 56054301 G/GA
9 133317963 133317963 C/T
12 112926167 112926167 G/A
3 45867532 45867532 A/G
12 112926707 112926707 T/C
3 46096615 46096615 G/A
3 101664477 101664477 T/C
3 45801750 45801750 G/A
9 133271182 133271182 T/C
3 101675373 101675373 C/T
3 46058999 46058999 C/T
3 101726282 101726282 A/G
3 101714671 101714671 T/C
3 46087221 46087221 A/G
12 112922497 112922497 A/G
3 46039841 46039841 T/C
3 46070377 46070377 G/A
12 112921772 112921772 C/T
3 101785973 101785973 C/T
3 46040215 46040215 C/T
6 151251671 151251671 A/G
3 101666923 101666923 G/A
1 65124264 65124264 G/A
1 65121345 65121345 T/C
9 133262914 133262914 A/G
3 46019812 46019812 A/G
3 45867022 45867022 C/G
3 45926551 45926551 T/G
12 112933161 112933161 T/C
12 112920989 112920989 C/T
3 101741808 101741808 G/A
12 112929790 112929790 A/G
3 45818159 45818159 G/A
3 46014417 46014417 C/T
12 112942466 112942466 C/T
3 46100972 46100972 C/T
3 46059974 46059974 C/T
3 101674452 101674452 C/T
12 112936212 112936212 G/C
1 65122012 65122012 G/T
3 46026015 46026015 T/G
12 112930700 112930700 A/G
12 112914354 112914354 T/C
3 101747625 101747625 C/T
1 65125418 65125418 A/G
3 101719018 101719018 G/A
5 116795053 116795053 G/A
3 45993605 45993605 A/G
3 46028845 46028845 C/G
16 55939805 55939805 G/C
9 133268030 133268030 G/A
9 133268647 133268647 A/T
3 101647854 101647854 G/A
3 46066109 46066109 A/G
12 112925169 112925169 A/G
12 112942903 112942903 A/T
21 33237639 33237639 A/G
12 112938515 112938515 C/T
12 112925272 112925272 T/G
3 46019726 46019726 T/C
10 132115532 132115532 G/A
3 101683151 101683151 T/C
9 1686322 1686322 G/A
3 46035840 46035840 A/G
7 89050426 89050426 C/T
7 76308849 76308849 T/C
3 46017757 46017757 C/T
3 46028081 46028081 A/C
12 112959338 112959338 T/C
3 46082926 46082926 A/G
12 112913715 112913715 T/G
12 112925745 112925745 C/T
3 101700939 101700939 G/A
3 101597993 101597993 G/A
21 35007825 35007825 G/A
3 46015419 46015419 T/A
3 69636767 69636767 G/A
3 101668074 101668074 G/A
9 133271880 133271880 G/A
1 65116721 65116721 G/A
3 101673426 101673426 T/C
12 112921327 112921327 A/G
1 65116720 65116720 A/C
9 133317936 133317939 ACTG/A
3 46033219 46033219 G/A
3 45955009 45955009 A/G
3 45848429 45848429 A/T
1 65125431 65125431 C/T
3 45962004 45962004 T/C
12 112935061 112935061 G/C
3 101745051 101745051 C/T
12 112938526 112938526 C/A
3 101658630 101658630 C/T
12 112981372 112981372 C/T
9 133274293 133274294 AC/A
12 112936943 112936943 C/T
12 112987874 112987874 T/C
9 133241728 133241728 A/C
12 112942203 112942203 G/A
12 112924253 112924253 G/C
12 112925478 112925478 C/T
14 28265449 28265449 A/G
12 112919388 112919388 G/A
3 45802706 45802706 A/C
12 112929094 112929094 A/G
2 168123059 168123059 G/A
12 112925192 112925192 T/G
9 133274084 133274084 C/T
3 101608945 101608945 T/A
3 46072724 46072724 A/G
3 46053612 46053612 A/G
3 46012476 46012476 A/G
3 45970787 45970787 T/C
3 46031276 46031276 G/A
12 112921383 112921383 A/G
3 46033366 46033366 G/A
9 133271745 133271745 T/C
12 112940872 112940872 G/A
12 112924946 112924946 C/G
3 46011308 46011308 G/A
19 4723658 4723658 C/A
12 112923901 112923902 CA/C
9 133431409 133431409 C/T
3 45964777 45964777 C/T
3 45967995 45967995 G/A
3 45966595 45966595 G/A
12 112945172 112945172 C/T
3 45858159 45858159 A/G
3 46096963 46096963 G/A
1 65125571 65125571 G/A
3 101680739 101680739 C/G
3 46039616 46039616 A/T
3 46098581 46098581 G/T
9 133261730 133261730 G/C
9 1700043 1700043 T/A
3 45962045 45962045 G/A
4 68791128 68791127 G/GA
3 101590030 101590030 C/T
2 168122780 168122780 C/T
3 46081841 46081841 A/C
3 46031027 46031027 G/A
12 112967376 112967376 A/C
3 46066793 46066793 C/T
14 28272175 28272175 T/G
3 45972340 45972340 C/T
9 133269706 133269706 T/C
12 112932622 112932622 A/C
3 45976852 45976852 G/A
3 101768076 101768076 A/T
3 101556067 101556067 G/C
3 101679033 101679033 T/G
3 45823240 45823240 T/C
3 46022261 46022261 T/C
3 101813391 101813391 C/T
3 45800446 45800446 C/T
3 46013758 46013758 G/A
3 46042880 46042880 A/C
12 112982799 112982799 A/G
3 46038532 46038532 A/T
12 112922770 112922770 T/C
3 101786624 101786624 A/G
3 46036800 46036800 C/T
3 45847198 45847198 A/G
9 133267800 133267800 A/G
12 112922981 112922981 T/C
1 65125282 65125282 C/T
3 45983556 45983556 G/A
3 101587663 101587663 C/T
12 112987688 112987688 T/C
3 101677685 101677685 G/C
12 112930090 112930090 A/G
9 133270061 133270061 G/A
9 133269828 133269828 T/C
3 69636324 69636324 T/G
9 133271249 133271249 A/T
3 45998376 45998376 A/G
